100
132
1000
7
111111111111111110
223345556667777703
11222333566888999
111233445544788
12335526647984959
977058479093262503
989999999999999
346
293451017762637980
79
263
5122336677899
21123444678998
31123355667888
508
11111110308533
178333345777779999
272730172583970231
8113445567789
42233577777899
52223333556666790
31124444567790
234334556788899
232888522657624
11111111111111110
5884456777899
665831446045355140
311122344445678899
1114554456899
91
4
268617312145783069
549999999999999999
704584792140316070
71
848
109
111241915922721113
646926373701212114
111455555566677890
921841758890138868
2344355568788
210
496094463027610386
230573473386952745
22223345666238
11111111111104
2122334577998
752866297075681246
1107724063114
11112233344443
844758423626644262
304698520185811329
712234455677778998
962210502934139643
464444555566788889
621295608973889635
11122233344198421
1111111122220
111122222344512
21
201704869688461063
122333334444441
109912076226881117
112847894789664664
48666666789999999
623334456788888
458506294466851723
76999999999999
418838482160332178
1
131528862409885839
200012233366899
855556666667888999
10999999999999999
6152199554227
930072761309555577
6599999999999
1111122222219
247292466895440676
828741077955390443
860406108939324042
811344445677789
1000000000000000000
22347223456788899
622334567778890
29
731329236440754106
223996976667996
85575569555789665
999999999999999999
592041935918066200
61223344444566898
12223344678889956
12222456644667
67477657956787
940585407461699426
